1354643497 2128765.314924
1354643497 2129651.314361
1354643498 2128773.077433
1354643499 2129700.212400
1354643499 2128773.077433
1354643500 2129550.584400
1354643501 2128872.049433
1354643501 2129651.314361
1354643502 2129650.336400
1354643502 2128522.736492
1354643503 2128773.077433
1354643503 2129602.416322
1354643504 2128575.133433
1354643504 2129450.832400
1354643505 2129406.824165
1354643505 2128723.591433
1354643506 2128668.283551
1354643506 2129357.926125
1354643507 2129602.416322
1354643507 2128575.133433
1354643508 2128525.647433
1354643508 2129550.584400
1354643509 2128426.675433
1354643509 2129504.620243
1354643510 2128571.252178
1354643511 2128575.133433
1354643511 2129455.722204
1354643512 2128575.133433
1354643512 2129550.584400
1354643513 2129406.824165
1354643513 2128525.647433
1354643514 2128426.675433
1354643514 2129357.926125
1354643515 2128425.705120
1354643515 2129251.328400
1354643516 2129357.926125
1354643516 2128426.675433
1354643517 2128476.161433
1354643517 2129455.722204
1354643518 2129051.824400
1354643518 2128426.675433
1354643519 2128425.705120
1354643519 2129113.435929
1354643520 2128425.705120
1354643520 2129064.537890
1354643521 2128917.843773
1354643521 2128476.161433
1354643522 2128377.189433
1354643522 2129064.537890
1354643523 2128278.217433
1354643523 2129101.700400
1354643524 2129113.435929
1354643524 2128425.705120
1354643525 2128377.189433
1354643525 2129015.639851
1354643526 2128820.047694
1354643526 2128377.189433
1354643527 2128771.149655
1354643527 2128377.189433
1354643528 2128183.126688
1354643528 2128652.816400
1354643529 2128820.047694
1354643529 2128327.703433
1354643530 2128426.675433
1354643530 2128477.761420
1354643531 2128476.161433
1354643531 2128503.188400
1354643532 2128379.965341
1354643532 2128278.217433
1354643533 2128280.158061
1354643533 2128575.557498
1354643534 2128377.189433
1354643534 2128282.169263
1354643535 2128526.659459
1354643535 2128278.217433
1354643536 2128179.245433
1354643536 2128054.304400
1354643537 2128327.703433
1354643537 2128135.475145
1354643538 2128231.642375
1354643539 2128280.158061
1354643539 2128282.169263
1354643540 2128228.731433
1354643540 2128086.577106
1354643541 2128228.731433
1354643541 2127954.552400
1354643542 2128228.731433
1354643542 2127890.984949
1354643543 2128037.679067
1354643543 2128183.126688
1354643544 2128231.642375
1354643544 2127842.086910
1354643545 2128228.731433
1354643545 2127744.290831
1354643546 2128282.169263
1354643546 2128080.273433
1354643547 2128228.731433
1354643547 2128086.577106
1354643548 2128183.126688
1354643548 2127705.172400
1354643549 2127842.086910
1354643549 2128183.126688
1354643550 2128228.731433
1354643550 2127548.698675
1354643551 2127695.392792
1354643551 2127981.301433
1354643552 2128080.273433
1354643552 2127605.420400
1354643553 2128183.126688
1354643553 2127646.494753
1354643554 2127455.792400
1354643554 2127746.485512
1354643555 2127634.899433
1354643555 2127450.902596
1354643556 2127931.815433
1354643556 2127505.668400
1354643557 2127646.494753
1354643557 2127843.516884
1354643558 2127455.792400
1354643558 2127931.815433
1354643559 2127746.485512
1354643559 2127450.902596
1354643560 2127306.164400
1354643560 2127684.385433
1354643561 2127649.454139
1354643561 2127353.106518
1354643562 2127486.441433
1354643563 2127535.927433
1354643563 2127405.916400
1354643564 2127697.969825
1354643564 2127402.004557
1354643565 2127356.040400
1354643565 2127406.875708
1354643566 2127634.899433
1354643566 2127353.106518
1354643567 2127288.497433
1354643567 2127256.288400
1354643568 2127387.469433
1354643568 2127255.310439
1354643569 2127649.454139
1354643569 2127256.288400
1354643570 2127585.413433
1354643570 2127304.208478
1354643571 2127353.106518
1354643571 2127239.011433
1354643572 2127387.469433
1354643572 2127206.412400
1354643573 2127261.328649
1354643574 2127239.011433
1354643574 2127255.310439
1354643575 2127212.812963
1354643575 2127206.412400
1354643576 2126824.687473
1354643577 2127041.067433
1354643577 2127206.412400
1354643578 2126793.637433
1354643578 2127255.310439
1354643579 2126873.203159
1354643579 2127206.412400
1354643580 2126892.609433
1354643580 2127157.514361
1354643581 2127206.412400
1354643581 2126873.203159
1354643582 2127304.208478
1354643582 2126824.687473
1354643583 2126595.693433
1354643583 2127206.412400
1354643584 2126991.581433
1354643585 2126727.656100
1354643585 2127157.514361
1354643586 2126595.693433
1354643586 2127157.514361
1354643587 2127206.412400
1354643587 2126921.718845
1354643588 2126630.624727
1354643588 2127206.412400
1354643589 2126546.207433
1354643589 2127206.412400
1354643590 2126397.749433
1354643590 2127206.412400
1354643591 2126348.263433
1354643591 2127206.412400
1354643592 2126727.656100
1354643592 2127206.412400
