1354643508 1.396923
1354643511 1.396522
1354643514 1.436434
1354643517 1.564467
1354643520 1.564078
1354643523 1.563584
1354643526 1.564576
1354643529 1.564838
1354643532 1.563575
1354643535 1.563952
1354643538 1.563821
1354643541 1.564519
1354643544 1.564134
1354643547 1.563586
1354643550 1.565425
1354643553 1.565116
1354643556 1.564953
1354643559 1.578452
1354643562 1.778552
1354643565 1.796172
1354643568 1.796637
1354643571 1.797116
1354643574 1.796095
1354643577 1.795345
1354643580 1.797494
1354643583 1.798650
1354643586 1.799476
1354643589 1.799541
