1354643508 0.710428
1354643511 0.709776
1354643514 0.774004
1354643517 0.973442
1354643520 0.972850
1354643523 0.972099
1354643526 0.973608
1354643529 0.974006
1354643532 0.972084
1354643535 0.972658
1354643538 0.972459
1354643541 0.973521
1354643544 0.972936
1354643547 0.972101
1354643550 0.974900
1354643553 0.974429
1354643556 0.974181
1354643559 0.994667
1354643562 1.287977
1354643565 1.312962
1354643568 1.313620
1354643571 1.314298
1354643574 1.312853
1354643577 1.311792
1354643580 1.314832
1354643583 1.316466
1354643586 1.317633
1354643589 1.317726
