1354643508 163.226894
1354643511 163.077197
1354643514 177.834085
1354643517 223.656613
1354643520 223.520640
1354643523 223.347959
1354643526 223.694720
1354643529 223.786244
1354643532 223.344709
1354643535 223.476598
1354643538 223.430861
1354643541 223.674673
1354643544 223.540320
1354643547 223.348455
1354643550 223.991528
1354643553 223.883473
1354643556 223.826406
1354643559 228.533340
1354643562 295.923666
1354643565 301.664223
1354643568 301.815404
1354643571 301.971227
1354643574 301.639239
1354643577 301.395521
1354643580 302.093940
1354643583 302.469244
1354643586 302.737515
1354643589 302.758766
